39045
39110
39121
39159
39128
39122
39085
39113
39042
39096
39107
39111
39124
39136
39161
36717
39025
39035
39095
39036
39043
39088
39112
38984
39058
38982
39027
39034
39039
39061
39108
39109
38998
38991
39048
39080
39131
38994
39134
39050
37314
39015
39117
38981
39004
39068
39029
39010
39154
39017
39044
39105
39145
39166
39153
39168
39032
39147
39067
39081
39233
39001
39024
39030
39237
39241
38986
39008
39022
39040
39047
39052
39005
39236
39056
39167
39253
39239
39092
39234
39038
39099
39231
39238
38999
39009
39023
39031
39087
39149
39164
39060
39064
39119
39232
39132
39144
38987
39240
37814
34451
39011
39059
39072
39097
37530
38979
39057
39130
39138
39143
38988
38997
39051
39135
39041
39098
39101
39157
39070
39115
39116
39000
39033
39090
39103
39077
39151
39156
39012
39071
39055
39093
37277
39037
38992
38993
39016
39054
39062
39082
39094
39106
39123
39133
39141
39076
39142
39053
39084
39089
39120
39013
39069
38983
39018
39091
38989
39063
39102
39127
39137
39140
39148
39250
39020
39006
39046
39125
39014
39007
39126
38990
39086
39139
37848
38980
38761
38985
39021
39078
39002
39019
39146
39252
39003
39065
39118
39152
39163
36512
39083
39104
39114
38995
38974
39129
39254
